TG_MS1
	(144, 159)
	(145,)
	(145, 146)
	(145, 158)
	(145, 159)
	(145, 160)
	(146, 159)
	(155, 161)
	(157,)
	(157, 158)
	(157, 159)
	(157, 162)
	(157, 163)
	(158,)
	(158, 159)
	(158, 161)
	(158, 163)
	(159, 160)
	(160, 161)
	(161,)
	(162, 163)
	(164, 165)
	(165, 166)
	(165, 167)
	(166, 167)
	[141]
	[142]
	[143]
	[147]
	[148]
	[149]
	[152]
	[153]
	[154]
	[156]
	[168]
	[169]
	[176]
	[177]
	[178]
	[179]
	[180]
	[189]
	[194]
	[195]
	[202]
	[204]
	[207]
	[217]
	[240]
	[242]
	[304]
	[309]
	[327]
TG_MS11
	(235,)
	(235, 236)
	(236,)
	(236, 237)
	(236, 238)
	(236, 246)
	(238,)
	[146]
	[156]
	[171]
	[226]
	[232]
	[233]
	[234]
	[239]
	[245]
	[247]
TG_MS12
	(149, 203)
	(162, 251)
	(222,)
	(222, 249)
	(222, 250)
	(222, 251)
	(222, 253)
	(222, 255)
	(237, 253)
	(244, 246)
	(249,)
	(250,)
	(250, 251)
	(250, 252)
	(250, 253)
	(251,)
	(251, 253)
	(252,)
	(253,)
	(253, 254)
	(253, 255)
	(255,)
	[144]
	[145]
	[146]
	[147]
	[152]
	[153]
	[154]
	[156]
	[157]
	[158]
	[164]
	[165]
	[166]
	[167]
	[168]
	[169]
	[184]
	[185]
	[186]
	[189]
	[190]
	[195]
	[196]
	[197]
	[202]
	[204]
	[208]
	[217]
	[220]
	[221]
	[224]
	[228]
	[232]
	[234]
	[235]
	[236]
	[238]
	[239]
	[242]
	[243]
	[245]
	[247]
	[248]
	[256]
	[257]
	[259]
	[261]
	[294]
	[297]
	[301]
	[329]
	[353]
	[378]
TG_MS15
	[150]
	[160]
	[185]
	[251]
	[271]
	[273]
	[275]
	[276]
	[277]
	[278]
	[279]
	[280]
	[281]
	[282]
	[283]
	[284]
	[285]
	[286]
	[287]
	[289]
	[291]
	[293]
	[294]
	[297]
TG_MS16
	[145]
	[146]
	[149]
	[159]
	[167]
	[184]
	[208]
	[217]
	[218]
	[219]
	[233]
	[271]
	[272]
	[279]
	[280]
	[281]
	[282]
	[283]
	[284]
	[285]
	[286]
	[287]
	[288]
	[289]
	[290]
	[291]
	[292]
	[293]
	[294]
	[295]
	[296]
	[297]
	[298]
	[332]
TG_MS18
	[146]
	[171]
	[172]
	[178]
	[225]
	[249]
	[278]
	[280]
	[282]
	[284]
	[285]
	[286]
	[287]
	[288]
	[289]
	[290]
	[291]
	[292]
	[293]
	[294]
	[295]
	[296]
	[297]
	[298]
	[299]
	[300]
	[301]
	[302]
	[303]
	[304]
	[305]
	[306]
	[307]
	[308]
	[309]
	[310]
	[312]
	[314]
	[317]
	[319]
	[321]
	[322]
TG_MS21
	[149]
	[180]
	[186]
	[191]
	[228]
	[233]
	[293]
	[294]
	[295]
	[296]
	[297]
	[298]
	[299]
	[300]
	[301]
	[302]
	[303]
	[304]
	[305]
	[306]
	[307]
	[308]
	[309]
	[310]
	[311]
	[312]
	[317]
	[318]
TG_MS22
	[142]
	[143]
	[149]
	[154]
	[169]
	[172]
	[173]
	[187]
	[204]
	[212]
	[282]
	[300]
	[301]
	[302]
	[303]
	[304]
	[305]
	[306]
	[307]
	[308]
	[310]
TG_MS23
	[141]
	[142]
	[147]
	[151]
	[167]
	[176]
	[186]
	[190]
	[191]
	[201]
	[257]
	[267]
	[268]
	[269]
	[270]
	[271]
	[272]
	[278]
	[279]
	[280]
	[281]
	[282]
	[283]
	[284]
	[285]
	[286]
	[287]
	[288]
	[289]
	[292]
	[293]
	[295]
	[296]
	[298]
	[299]
	[300]
	[301]
	[302]
	[303]
	[304]
	[305]
	[306]
	[307]
	[308]
	[309]
	[310]
	[311]
	[312]
	[313]
	[314]
	[315]
	[317]
	[318]
	[320]
	[324]
	[327]
	[330]
	[332]
TG_MS3
	(166, 172)
	(166, 175)
	(169,)
	(169, 172)
	(169, 178)
	(172,)
	(172, 175)
	(172, 178)
	(175, 178)
	(178,)
	[141]
	[142]
	[143]
	[144]
	[145]
	[147]
	[148]
	[149]
	[150]
	[151]
	[152]
	[153]
	[154]
	[156]
	[157]
	[158]
	[160]
	[161]
	[162]
	[163]
	[164]
	[165]
	[167]
	[168]
	[170]
	[171]
	[173]
	[174]
	[176]
	[177]
	[179]
	[180]
	[181]
	[184]
	[185]
	[186]
	[190]
	[192]
	[198]
	[199]
	[202]
	[219]
	[220]
	[221]
	[232]
	[250]
	[258]
	[313]
	[322]
	[327]
TG_MS30
	[141]
	[143]
	[145]
	[152]
	[153]
	[155]
	[156]
	[159]
	[160]
	[161]
	[162]
	[163]
	[165]
	[167]
	[169]
	[173]
	[174]
	[189]
	[190]
	[193]
	[195]
	[200]
	[202]
	[206]
	[208]
	[211]
	[216]
	[230]
	[234]
	[242]
	[257]
	[258]
	[282]
	[290]
	[291]
	[293]
	[294]
	[295]
	[296]
	[297]
	[298]
	[299]
	[300]
	[301]
	[302]
	[303]
	[304]
	[305]
	[306]
	[307]
	[308]
	[309]
	[310]
	[311]
	[312]
	[313]
	[314]
	[315]
	[316]
	[317]
	[318]
	[319]
	[320]
	[321]
	[322]
	[323]
	[324]
	[325]
	[326]
	[327]
	[328]
	[329]
	[330]
	[331]
	[332]
	[335]
	[356]
	[408]
TG_MS31
	[141]
	[145]
	[324]
	[325]
	[326]
	[327]
	[328]
	[329]
	[330]
	[331]
	[332]
	[333]
	[334]
	[335]
	[336]
	[337]
	[338]
	[339]
	[340]
	[341]
	[342]
	[343]
	[344]
TG_MS32
	[154]
	[302]
	[328]
	[329]
	[330]
	[331]
	[332]
	[333]
	[334]
	[335]
	[336]
	[337]
	[338]
	[339]
	[340]
	[341]
	[342]
	[343]
	[344]
	[345]
	[346]
	[347]
	[348]
	[349]
	[350]
	[354]
	[355]
	[356]
	[357]
	[358]
	[360]
	[380]
	[387]
TG_MS36
	[142]
	[143]
	[147]
	[155]
	[156]
	[164]
	[166]
	[181]
	[195]
	[216]
	[217]
	[315]
	[316]
	[317]
	[318]
	[319]
	[328]
	[329]
	[330]
	[331]
	[332]
	[333]
	[334]
	[335]
	[344]
	[346]
	[348]
	[350]
	[352]
	[356]
	[357]
	[358]
	[362]
TG_MS37
	[142]
	[143]
	[147]
	[148]
	[149]
	[150]
	[153]
	[155]
	[157]
	[160]
	[162]
	[163]
	[164]
	[165]
	[166]
	[167]
	[168]
	[169]
	[170]
	[172]
	[175]
	[176]
	[177]
	[178]
	[181]
	[183]
	[184]
	[188]
	[192]
	[199]
	[200]
	[204]
	[205]
	[211]
	[214]
	[215]
	[216]
	[217]
	[220]
	[221]
	[222]
	[223]
	[225]
	[235]
	[236]
	[237]
	[241]
	[242]
	[246]
	[250]
	[274]
	[282]
	[319]
	[321]
	[323]
	[324]
	[329]
	[330]
	[331]
	[338]
	[339]
	[340]
	[341]
	[342]
	[343]
	[344]
	[345]
	[346]
	[347]
	[348]
	[349]
	[350]
	[351]
	[352]
	[353]
	[354]
	[355]
	[357]
	[358]
	[359]
	[360]
	[361]
	[362]
TG_MS38
	[143]
	[144]
	[145]
	[149]
	[151]
	[152]
	[153]
	[156]
	[158]
	[167]
	[171]
	[172]
	[175]
	[176]
	[177]
	[178]
	[179]
	[180]
	[181]
	[182]
	[188]
	[193]
	[198]
	[199]
	[201]
	[202]
	[204]
	[206]
	[215]
	[219]
	[232]
	[233]
	[239]
	[240]
	[241]
	[243]
	[244]
	[245]
	[247]
	[306]
	[317]
	[318]
	[319]
	[320]
	[321]
	[322]
	[323]
	[324]
	[325]
	[326]
	[328]
	[335]
	[336]
	[337]
	[338]
	[339]
	[340]
	[341]
	[342]
	[343]
	[344]
	[345]
	[346]
	[347]
	[348]
	[349]
	[351]
	[353]
	[354]
	[355]
	[369]
	[383]
TG_MS39
	[148]
	[155]
	[164]
	[166]
	[170]
	[182]
	[184]
	[194]
	[200]
	[201]
	[229]
	[241]
	[277]
	[333]
	[334]
	[335]
	[336]
	[337]
	[338]
	[339]
	[340]
	[341]
	[342]
	[343]
	[344]
	[345]
	[346]
	[347]
	[348]
	[349]
	[350]
	[351]
	[352]
	[353]
	[354]
	[355]
	[356]
	[357]
	[358]
	[359]
	[360]
	[361]
TG_MS4
	(148, 162)
	(156, 164)
	(162,)
	(162, 164)
	(162, 170)
	(162, 173)
	(170,)
	(170, 172)
	(170, 173)
	(170, 176)
	(173,)
	(173, 176)
	[146]
	[147]
	[149]
	[153]
	[154]
	[155]
	[159]
	[160]
	[161]
	[163]
	[165]
	[166]
	[167]
	[168]
	[169]
	[171]
	[174]
	[175]
	[179]
TG_MS40
	[156]
	[229]
	[333]
	[337]
	[339]
	[341]
	[342]
	[343]
	[344]
	[345]
	[346]
	[347]
	[348]
	[349]
	[350]
	[351]
	[352]
	[354]
	[356]
	[358]
	[368]
	[376]
	[398]
	[399]
	[401]
TG_MS41
	[144]
	[146]
	[150]
	[151]
	[152]
	[158]
	[161]
	[179]
	[180]
	[216]
	[237]
	[326]
	[327]
	[328]
	[333]
	[334]
	[335]
	[336]
	[337]
	[338]
	[339]
	[340]
	[341]
	[342]
	[346]
	[348]
	[349]
	[350]
	[351]
	[352]
	[353]
	[354]
	[355]
	[356]
	[357]
	[358]
	[359]
	[360]
	[361]
	[362]
	[363]
	[364]
	[365]
	[367]
TG_MS45
	[141]
	[142]
	[143]
	[145]
	[146]
	[150]
	[151]
	[152]
	[153]
	[154]
	[162]
	[164]
	[165]
	[171]
	[172]
	[173]
	[174]
	[176]
	[177]
	[194]
	[200]
	[206]
	[207]
	[215]
	[216]
	[217]
	[218]
	[219]
	[220]
	[221]
	[224]
	[226]
	[232]
	[233]
	[234]
	[241]
	[242]
	[250]
	[268]
	[278]
	[299]
	[301]
	[313]
	[328]
	[329]
	[350]
	[363]
	[364]
	[365]
	[366]
	[368]
	[369]
	[370]
	[371]
	[372]
	[373]
	[389]
TG_MS50
	[144]
	[145]
	[157]
	[164]
	[184]
	[359]
	[360]
	[361]
	[362]
	[363]
	[364]
	[365]
	[366]
	[367]
	[368]
	[369]
	[370]
	[371]
	[372]
	[373]
	[374]
	[375]
	[376]
	[377]
	[378]
	[379]
	[380]
	[381]
	[382]
	[383]
	[384]
	[385]
	[386]
	[387]
	[388]
	[389]
	[390]
	[391]
	[392]
	[393]
	[395]
	[396]
	[397]
	[406]
	[407]
	[408]
	[409]
	[410]
	[412]
TG_MS55
	[154]
	[155]
	[159]
	[160]
	[161]
	[182]
	[200]
	[363]
	[368]
	[376]
	[377]
	[378]
	[379]
	[380]
	[381]
	[382]
	[383]
	[384]
	[385]
	[386]
	[387]
	[388]
	[389]
	[390]
	[391]
	[392]
	[393]
	[394]
	[395]
	[396]
	[397]
	[398]
	[399]
	[400]
	[401]
	[402]
	[404]
	[405]
	[406]
	[407]
	[408]
TG_MS6
	[184]
	[185]
	[186]
	[187]
	[188]
	[189]
	[190]
	[192]
	[196]
	[197]
	[199]
	[200]
	[201]
	[202]
	[203]
	[204]
	[205]
	[206]
	[207]
	[208]
	[209]
	[210]
	[211]
	[212]
	[213]
	[214]
	[215]
	[216]
	[217]
	[218]
	[219]
	[220]
	[221]
	[222]
	[223]
	[224]
	[225]
	[226]
	[227]
	[228]
	[229]
	[230]
	[231]
	[232]
	[233]
	[234]
	[235]
	[236]
	[237]
	[238]
	[239]
	[240]
	[241]
	[242]
	[243]
	[244]
	[245]
	[246]
	[247]
	[248]
	[249]
	[250]
	[251]
	[252]
	[253]
	[254]
	[255]
	[256]
	[257]
	[258]
	[259]
	[260]
	[261]
	[262]
	[263]
	[264]
	[265]
	[267]
	[269]
	[270]
	[271]
TG_MS8
	(143, 189)
	(144,)
	(144, 224)
	(186, 189)
	(188,)
	(188, 189)
	(189,)
	(209, 211)
	(209, 212)
	(210,)
	(210, 211)
	(210, 212)
	(211,)
	(211, 212)
	(212,)
	(214, 222)
	(220, 221)
	(222,)
	(222, 223)
	(223,)
	(224,)
	(224, 226)
	[141]
	[142]
	[145]
	[148]
	[150]
	[152]
	[153]
	[154]
	[155]
	[157]
	[162]
	[164]
	[166]
	[168]
	[175]
	[177]
	[178]
	[179]
	[184]
	[185]
	[187]
	[190]
	[191]
	[192]
	[195]
	[196]
	[197]
	[207]
	[208]
	[213]
	[215]
	[216]
	[218]
	[219]
	[225]
	[228]
	[230]
	[232]
	[233]
	[234]
	[239]
	[315]
	[360]
